34
717605730
1821030057
1313792352
2055566799
805081379
881530630
1815449123
535313179
812306731
1509620237
1801578371
1757664854
129583443
478732613
635597120
534848849
367877999
971746755
896158565
2080384213
1501474708
1508939980
583996137
1860791535
485744621
141034565
1614462813
801020813
1208492336
2043352216
506267936
1926098067
1716898625
1820060289
--------
129583443
141034565
367877999
478732613
485744621
506267936
534848849
535313179
583996137
635597120
717605730
801020813
805081379
812306731
881530630
896158565
971746755
1208492336
1313792352
1501474708
1508939980
1509620237
1614462813
1716898625
1757664854
1801578371
1815449123
1820060289
1821030057
1860791535
1926098067
2043352216
2055566799
2080384213
